,date,holiday,sales_promotion,competitor_spend,instagram_spend,google_ads_spend,tv_spend,youtube_spend,newspaper_spend,influencer_spend,ott_spend,sales
0,03-01-2022,0,BOGO,262550.0,54880.0,0.0,47580.0,57190.0,0.0,34610.0,0.0,1084031.0
1,10-01-2022,0,Normal,310750.0,67170.0,0.0,60140.0,64150.0,0.0,18000.0,0.0,1225796.0
2,17-01-2022,0,Flash Sale,361600.0,90520.0,0.0,52180.0,30710.0,0.0,48300.0,0.0,1445628.0
3,24-01-2022,0,Normal,293650.0,77800.0,0.0,41940.0,39610.0,0.0,49160.0,0.0,1445965.0
4,31-01-2022,0,Normal,343700.0,87050.0,0.0,29720.0,23430.0,0.0,34790.0,0.0,1370267.0
5,07-02-2022,0,Coupons,318300.0,52330.0,94970.0,58500.0,64970.0,8860.0,0.0,38860.0,2487650.0
6,14-02-2022,0,Coupons,316400.0,69670.0,0.0,58780.0,50350.0,5540.0,0.0,53650.0,2679131.0
7,21-02-2022,0,Coupons,280950.0,83670.0,87970.0,58780.0,58820.0,6810.0,0.0,55960.0,2748338.0
8,28-02-2022,0,Normal,311100.0,76520.0,105240.0,47180.0,46080.0,9660.0,0.0,34980.0,2683154.0
9,07-03-2022,0,Normal,256600.0,0.0,60510.0,38380.0,31190.0,0.0,17330.0,59780.0,2584839.0
10,14-03-2022,0,Normal,288150.0,0.0,109840.0,43110.0,62520.0,0.0,30810.0,62920.0,2501527.0
11,21-03-2022,0,Coupons,345200.0,0.0,114340.0,31490.0,64830.0,0.0,18670.0,63460.0,2320027.0
12,28-03-2022,0,Normal,270800.0,0.0,84280.0,68600.0,24900.0,0.0,49430.0,74500.0,2359810.0
13,04-04-2022,0,Normal,226450.0,0.0,61770.0,68010.0,44420.0,6920.0,23650.0,73670.0,2320258.0
14,11-04-2022,1,Coupons,279350.0,0.0,91530.0,65890.0,59950.0,7270.0,16660.0,58930.0,2221923.0
15,18-04-2022,0,Coupons,274300.0,0.0,74530.0,64010.0,32350.0,7690.0,40410.0,37340.0,2276577.0
16,25-04-2022,0,Coupons,330200.0,0.0,117930.0,68990.0,55360.0,6240.0,48910.0,62030.0,2367597.0
17,02-05-2022,0,BOGO,337900.0,93330.0,69560.0,38040.0,60880.0,9770.0,20130.0,0.0,2900439.0
18,09-05-2022,0,BOGO,332250.0,55070.0,76560.0,68040.0,44120.0,5320.0,14850.0,0.0,2726334.0
19,16-05-2022,0,BOGO,328900.0,56560.0,82740.0,41650.0,28570.0,5330.0,18890.0,0.0,2609397.0
20,23-05-2022,0,Coupons,266250.0,69100.0,92830.0,50860.0,30790.0,5720.0,43240.0,0.0,2695776.0
21,30-05-2022,0,Normal,292850.0,62550.0,114660.0,64450.0,31050.0,5530.0,14970.0,0.0,2579692.0
22,06-06-2022,0,Coupons,250600.0,82200.0,0.0,0.0,0.0,6450.0,46550.0,37890.0,2633937.0
23,13-06-2022,0,Coupons,277750.0,53420.0,0.0,0.0,0.0,8510.0,31970.0,64050.0,2364807.0
24,20-06-2022,0,BOGO,289800.0,97580.0,0.0,0.0,0.0,9920.0,14240.0,34870.0,2144070.0
25,27-06-2022,0,BOGO,292050.0,58430.0,0.0,0.0,0.0,7980.0,25360.0,58390.0,1932550.0
26,04-07-2022,0,Normal,319350.0,100290.0,96550.0,46760.0,26690.0,9030.0,52290.0,0.0,2656074.0
27,11-07-2022,0,Coupons,310200.0,94210.0,118770.0,33670.0,27470.0,6340.0,31940.0,0.0,2736480.0
28,18-07-2022,0,BOGO,365200.0,48310.0,66980.0,59490.0,23800.0,6230.0,47030.0,0.0,2584619.0
29,25-07-2022,0,Normal,241900.0,75390.0,101070.0,55330.0,49430.0,8290.0,47830.0,0.0,4339745.0
30,01-08-2022,0,Coupons,237000.0,0.0,94850.0,61300.0,45840.0,0.0,0.0,73570.0,2589731.0
31,08-08-2022,0,Normal,287950.0,0.0,90230.0,61320.0,40110.0,0.0,0.0,48960.0,2237643.0
32,15-08-2022,0,Coupons,265900.0,0.0,88970.0,30080.0,29020.0,0.0,0.0,62260.0,2027385.0
33,22-08-2022,0,Coupons,321050.0,0.0,122970.0,47640.0,47760.0,0.0,0.0,42120.0,1902666.0
34,29-08-2022,0,Normal,299800.0,0.0,89350.0,59480.0,37910.0,0.0,0.0,63210.0,1845447.0
35,05-09-2022,0,Normal,319650.0,69240.0,115280.0,0.0,50340.0,6540.0,38120.0,71660.0,2864555.0
36,12-09-2022,0,Normal,294750.0,53600.0,88200.0,0.0,38650.0,7150.0,31120.0,57050.0,2792291.0
37,19-09-2022,0,BOGO,303250.0,59040.0,89710.0,0.0,33070.0,7410.0,38600.0,54230.0,2770003.0
38,26-09-2022,0,Flash Sale,246500.0,68400.0,89010.0,0.0,25930.0,6290.0,28660.0,47770.0,2745466.0
39,03-10-2022,1,Coupons,282100.0,46980.0,67780.0,68570.0,45250.0,0.0,48110.0,57220.0,2816455.0
40,10-10-2022,0,Normal,328850.0,75180.0,86430.0,46160.0,47580.0,0.0,19890.0,38150.0,2818988.0
41,17-10-2022,0,BOGO,305200.0,59020.0,70080.0,36450.0,33910.0,0.0,20080.0,41120.0,2756408.0
42,24-10-2022,1,Flash Sale,300750.0,90990.0,106820.0,35380.0,65390.0,0.0,28310.0,75180.0,2944231.0
43,31-10-2022,0,Coupons,261350.0,49970.0,117690.0,59470.0,46310.0,0.0,37330.0,43760.0,2984431.0
44,07-11-2022,0,BOGO,302950.0,63650.0,0.0,58450.0,59170.0,8550.0,0.0,48640.0,2702894.0
45,14-11-2022,0,Coupons,299800.0,74100.0,0.0,53410.0,46940.0,7580.0,0.0,56510.0,2453675.0
46,21-11-2022,0,Normal,350400.0,71710.0,0.0,48750.0,43710.0,6140.0,0.0,55530.0,2189446.0
48,05-12-2022,0,Normal,330100.0,85430.0,0.0,67930.0,0.0,5650.0,32510.0,42320.0,2268294.0
49,12-12-2022,0,BOGO,275100.0,92500.0,0.0,60550.0,0.0,8640.0,41240.0,50750.0,2328522.0
50,19-12-2022,0,BOGO,342450.0,91580.0,0.0,31350.0,0.0,5890.0,15240.0,40160.0,2074024.0
51,26-12-2022,0,BOGO,314700.0,66080.0,0.0,67070.0,0.0,8680.0,25390.0,67720.0,2066642.0
52,02-01-2023,0,Coupons,317150.0,69500.0,0.0,60960.0,0.0,0.0,39200.0,49940.0,2008727.0
53,09-01-2023,0,Normal,299800.0,55500.0,0.0,50290.0,0.0,0.0,31100.0,42730.0,1866823.0
54,16-01-2023,0,Flash Sale,262300.0,75690.0,0.0,31780.0,0.0,0.0,38240.0,41930.0,1914204.0
55,23-01-2023,0,Normal,357800.0,76550.0,0.0,31910.0,0.0,0.0,37170.0,60520.0,1789035.0
56,30-01-2023,0,Normal,333100.0,69300.0,0.0,52170.0,0.0,0.0,24520.0,50510.0,1751493.0
57,06-02-2023,0,Normal,267850.0,98300.0,74430.0,0.0,50530.0,0.0,0.0,48400.0,1219737.0
58,13-02-2023,0,Normal,292500.0,72180.0,80050.0,0.0,28400.0,0.0,0.0,58970.0,2338863.0
59,20-02-2023,0,Normal,262200.0,74990.0,106880.0,0.0,24100.0,0.0,0.0,73570.0,2350345.0
60,27-02-2023,0,Coupons,323100.0,83630.0,65850.0,0.0,18180.0,0.0,0.0,40020.0,2176596.0
61,06-03-2023,0,Coupons,299800.0,95610.0,67710.0,58660.0,22860.0,7640.0,44020.0,0.0,2748420.0
62,13-03-2023,0,Coupons,325300.0,50070.0,80970.0,43110.0,44880.0,6510.0,41060.0,0.0,2662340.0
63,20-03-2023,0,BOGO,296650.0,76240.0,97840.0,41360.0,55820.0,8480.0,35090.0,0.0,2726911.0
64,27-03-2023,0,BOGO,280000.0,64530.0,92000.0,53260.0,65220.0,9300.0,18600.0,0.0,2651083.0
65,03-04-2023,0,Coupons,306850.0,87500.0,89980.0,60900.0,0.0,7500.0,19780.0,0.0,2591668.0
66,10-04-2023,0,Normal,326200.0,93720.0,81130.0,43040.0,0.0,6400.0,22660.0,0.0,2488580.0
67,17-04-2023,0,BOGO,317450.0,73500.0,83390.0,38380.0,0.0,6840.0,41590.0,0.0,2465652.0
68,24-04-2023,0,Coupons,270600.0,60700.0,97330.0,66160.0,0.0,6020.0,29950.0,0.0,2417050.0
69,01-05-2023,0,BOGO,254650.0,55640.0,81170.0,57020.0,27450.0,7790.0,23600.0,0.0,2380399.0
71,15-05-2023,0,Coupons,265250.0,95270.0,66390.0,48600.0,47050.0,10180.0,41230.0,0.0,2476555.0
72,22-05-2023,0,Normal,256650.0,88780.0,113160.0,35740.0,32130.0,7630.0,46840.0,0.0,2535087.0
73,29-05-2023,0,Coupons,279150.0,69700.0,112110.0,42710.0,22400.0,9450.0,16850.0,0.0,2427118.0
74,05-06-2023,0,Normal,256400.0,67370.0,0.0,48290.0,0.0,0.0,27950.0,39760.0,1277735.0
75,12-06-2023,0,Normal,325200.0,73820.0,0.0,39500.0,0.0,0.0,17380.0,72010.0,2383079.0
76,19-06-2023,0,Coupons,252100.0,101550.0,0.0,42800.0,0.0,0.0,16810.0,76200.0,2368185.0
77,26-06-2023,0,Coupons,292200.0,104660.0,0.0,36880.0,0.0,0.0,31920.0,38990.0,2226527.0
78,03-07-2023,0,Normal,268900.0,47840.0,0.0,0.0,23390.0,6280.0,21540.0,0.0,1879916.0
79,10-07-2023,0,Normal,261350.0,60560.0,0.0,0.0,43190.0,5210.0,23700.0,0.0,1682505.0
80,17-07-2023,0,Normal,342150.0,71200.0,0.0,0.0,65580.0,8290.0,17040.0,0.0,1481568.0
81,24-07-2023,0,Normal,311850.0,60530.0,0.0,0.0,45890.0,8750.0,17720.0,0.0,1326539.0
82,31-07-2023,0,Coupons,300600.0,93390.0,0.0,0.0,35350.0,7290.0,37660.0,0.0,1364555.0
83,07-08-2023,0,BOGO,304400.0,56700.0,69020.0,0.0,0.0,8790.0,30430.0,72110.0,2243589.0
84,14-08-2023,0,Coupons,346050.0,86750.0,109990.0,0.0,0.0,7760.0,39690.0,62760.0,2466519.0
85,21-08-2023,0,Normal,329750.0,47120.0,92290.0,0.0,0.0,8660.0,44560.0,68740.0,2403882.0
86,28-08-2023,0,Normal,317200.0,83530.0,94530.0,0.0,0.0,6180.0,20580.0,33860.0,2350735.0
87,04-09-2023,0,BOGO,299800.0,0.0,69530.0,0.0,0.0,6070.0,18710.0,79670.0,2438487.0
88,11-09-2023,0,Coupons,281800.0,0.0,89590.0,53310.0,0.0,8440.0,37960.0,49620.0,2362617.0
89,18-09-2023,0,BOGO,274150.0,0.0,121550.0,49810.0,0.0,7070.0,22720.0,52550.0,2270695.0
90,25-09-2023,0,BOGO,315400.0,0.0,80720.0,36850.0,0.0,9350.0,39480.0,46930.0,2124504.0
91,02-10-2023,0,Normal,278750.0,66730.0,0.0,0.0,49500.0,8290.0,21380.0,0.0,2373599.0
92,09-10-2023,0,Flash Sale,234250.0,45650.0,0.0,0.0,51560.0,8190.0,32720.0,0.0,2168724.0
93,16-10-2023,0,Normal,249500.0,60510.0,0.0,0.0,37420.0,9490.0,16690.0,0.0,1819672.0
94,23-10-2023,1,Normal,275000.0,59180.0,0.0,0.0,62100.0,7170.0,17150.0,0.0,2478409.0
95,30-10-2023,0,BOGO,345750.0,58280.0,0.0,0.0,38460.0,6530.0,21340.0,0.0,1374278.0
96,06-11-2023,0,Flash Sale,310400.0,0.0,113550.0,56780.0,0.0,7100.0,37670.0,0.0,2059541.0
97,13-11-2023,1,Coupons,303450.0,0.0,82260.0,48110.0,0.0,6380.0,19290.0,0.0,1760669.0
98,20-11-2023,0,Normal,288450.0,0.0,73750.0,58210.0,0.0,7420.0,34500.0,0.0,1699802.0
99,27-11-2023,0,Normal,237800.0,0.0,84230.0,55720.0,0.0,5450.0,18890.0,0.0,1591889.0
100,04-12-2023,0,Normal,329400.0,0.0,119020.0,41190.0,54740.0,8200.0,0.0,76440.0,1939879.0
101,11-12-2023,0,Normal,313800.0,0.0,112160.0,53440.0,21480.0,6390.0,0.0,39100.0,1873143.0
102,18-12-2023,0,BOGO,277300.0,0.0,124190.0,53110.0,44380.0,6810.0,0.0,46380.0,1941233.0
103,25-12-2023,0,BOGO,384850.0,0.0,91310.0,45660.0,27790.0,8530.0,0.0,42960.0,1812993.0
104,01-01-2024,0,BOGO,254050.0,83920.0,67790.0,0.0,33800.0,0.0,0.0,62660.0,2487202.0
105,08-01-2024,0,Coupons,326700.0,59810.0,119740.0,0.0,25750.0,0.0,0.0,36770.0,2350602.0
106,15-01-2024,0,Flash Sale,229500.0,90130.0,80580.0,0.0,37500.0,0.0,0.0,48310.0,2421968.0
107,22-01-2024,0,Coupons,279750.0,60600.0,103340.0,0.0,61750.0,0.0,0.0,66870.0,2299843.0
108,29-01-2024,0,Coupons,267200.0,64760.0,112450.0,0.0,23680.0,0.0,0.0,39610.0,2230484.0
109,05-02-2024,0,Normal,341350.0,82170.0,109460.0,41910.0,0.0,0.0,24530.0,40470.0,2694169.0
110,12-02-2024,0,BOGO,313800.0,66860.0,99180.0,64140.0,0.0,0.0,32160.0,72740.0,2879209.0
111,19-02-2024,0,BOGO,250250.0,89620.0,58010.0,43100.0,0.0,0.0,38700.0,82390.0,2936225.0
112,26-02-2024,0,Normal,263350.0,55990.0,111860.0,47010.0,0.0,0.0,23410.0,76560.0,2843715.0
113,04-03-2024,0,Coupons,323450.0,62870.0,0.0,61160.0,38940.0,6980.0,14780.0,43480.0,2663844.0
114,11-03-2024,0,BOGO,192650.0,94400.0,0.0,49710.0,32330.0,8810.0,16300.0,82360.0,2730339.0
115,18-03-2024,0,Normal,244600.0,47120.0,0.0,40080.0,24300.0,5250.0,19120.0,62530.0,2394576.0
116,25-03-2024,1,Coupons,313750.0,65750.0,0.0,38720.0,54410.0,10020.0,45050.0,81280.0,2354787.0
117,01-04-2024,0,Coupons,323400.0,0.0,107090.0,50340.0,0.0,5520.0,23420.0,57390.0,2568552.0
118,08-04-2024,0,Coupons,290050.0,0.0,105050.0,43440.0,0.0,8260.0,21960.0,63090.0,2437131.0
119,15-04-2024,0,Coupons,260350.0,0.0,60430.0,66360.0,0.0,8870.0,30380.0,77300.0,2330319.0
120,22-04-2024,0,Normal,282050.0,0.0,83330.0,65050.0,0.0,7300.0,21020.0,52830.0,2174479.0
121,29-04-2024,0,Normal,336850.0,0.0,84610.0,56120.0,0.0,7540.0,16810.0,71090.0,2064426.0
122,06-05-2024,0,Flash Sale,299800.0,0.0,59300.0,51660.0,50260.0,5350.0,24150.0,74270.0,2173935.0
123,13-05-2024,0,Normal,321750.0,0.0,113030.0,58750.0,54030.0,6180.0,22010.0,72580.0,2219761.0
124,20-05-2024,0,Normal,308550.0,0.0,63770.0,56940.0,56460.0,7490.0,47000.0,67590.0,2271007.0
125,27-05-2024,0,Normal,318200.0,0.0,101230.0,51490.0,27430.0,5580.0,31010.0,78940.0,2274930.0
126,03-06-2024,0,Coupons,324450.0,69170.0,0.0,0.0,45580.0,8330.0,34300.0,73620.0,2691520.0
127,10-06-2024,0,Normal,279400.0,66310.0,0.0,0.0,24000.0,8980.0,41000.0,40210.0,2465363.0
128,17-06-2024,0,BOGO,247100.0,86490.0,0.0,0.0,42090.0,7990.0,22070.0,57850.0,2320155.0
129,24-06-2024,0,Normal,376550.0,74710.0,0.0,0.0,53950.0,7690.0,15880.0,52960.0,1978582.0
130,01-07-2024,0,Normal,300600.0,0.0,61300.0,67010.0,46320.0,5770.0,19530.0,60250.0,2397130.0
131,08-07-2024,0,BOGO,338250.0,0.0,115560.0,34310.0,57510.0,6560.0,24460.0,50690.0,2428222.0
132,15-07-2024,0,Coupons,345150.0,0.0,102670.0,39860.0,25580.0,9510.0,36380.0,45310.0,2344293.0
133,22-07-2024,0,Flash Sale,288400.0,0.0,99710.0,39670.0,28820.0,9110.0,36660.0,59960.0,2362028.0
134,29-07-2024,0,Coupons,291800.0,0.0,85130.0,47110.0,59430.0,7190.0,40690.0,71450.0,2315114.0
135,05-08-2024,0,BOGO,321450.0,79840.0,67340.0,0.0,41040.0,7430.0,38940.0,54260.0,2858186.0
136,12-08-2024,0,Normal,255250.0,75990.0,109890.0,0.0,64690.0,7590.0,39010.0,71760.0,2936969.0
137,19-08-2024,0,Normal,259950.0,64360.0,77290.0,0.0,19030.0,9950.0,17080.0,36490.0,2692270.0
138,26-08-2024,0,Coupons,336850.0,73710.0,108200.0,0.0,47970.0,8050.0,38740.0,38820.0,2692682.0
139,02-09-2024,0,BOGO,284000.0,95460.0,101090.0,51560.0,33230.0,0.0,34370.0,65180.0,3026098.0
140,09-09-2024,0,BOGO,282150.0,92540.0,71060.0,40920.0,50860.0,0.0,28650.0,66760.0,3007796.0
142,23-09-2024,0,Coupons,313900.0,71100.0,118260.0,51070.0,39590.0,0.0,24110.0,60600.0,2938449.0
143,30-09-2024,0,Flash Sale,321850.0,57070.0,115430.0,63280.0,39190.0,0.0,37100.0,48750.0,3002408.0
144,07-10-2024,1,BOGO,291100.0,95840.0,115640.0,0.0,45700.0,7360.0,0.0,77900.0,2909352.0
145,14-10-2024,0,Normal,301750.0,94030.0,99830.0,0.0,25300.0,7280.0,0.0,70530.0,2738833.0
146,21-10-2024,0,Flash Sale,270850.0,89550.0,109920.0,0.0,24970.0,6370.0,0.0,78660.0,2685424.0
147,28-10-2024,1,BOGO,299800.0,84480.0,111810.0,0.0,41900.0,4990.0,0.0,34730.0,2440516.0
148,04-11-2024,0,BOGO,299800.0,65610.0,0.0,61940.0,62490.0,7860.0,0.0,0.0,2356865.0
149,11-11-2024,0,Normal,225050.0,48240.0,0.0,58670.0,25490.0,8970.0,0.0,0.0,2080698.0
150,18-11-2024,0,BOGO,265100.0,49920.0,0.0,59010.0,56340.0,8520.0,0.0,0.0,1872303.0
151,25-11-2024,0,Normal,273150.0,58720.0,0.0,61020.0,21480.0,8470.0,0.0,0.0,1667961.0
152,02-12-2024,0,Normal,276950.0,58640.0,109340.0,0.0,39580.0,0.0,24070.0,0.0,2282909.0
153,09-12-2024,0,Coupons,329550.0,50840.0,93800.0,0.0,35540.0,0.0,44390.0,0.0,2239398.0
154,16-12-2024,0,BOGO,340100.0,78050.0,106970.0,0.0,43440.0,0.0,26180.0,0.0,2211286.0
155,23-12-2024,0,BOGO,269400.0,59860.0,105610.0,0.0,47620.0,0.0,49420.0,0.0,2198906.0
156,30-12-2024,0,Coupons,274250.0,49920.0,103220.0,0.0,42350.0,0.0,45740.0,0.0,2061409.0
157,06-01-2025,0,Coupons,313300.0,73840.0,0.0,56750.0,0.0,8850.0,53180.0,49650.0,2600829.0
158,13-01-2025,0,Flash Sale,300350.0,99120.0,0.0,53390.0,0.0,6770.0,35020.0,76200.0,2661865.0
159,20-01-2025,0,Normal,361900.0,57430.0,0.0,50290.0,0.0,6370.0,18320.0,67240.0,2313007.0
160,27-01-2025,0,BOGO,316700.0,70760.0,0.0,51970.0,0.0,7790.0,42400.0,77840.0,2348513.0
161,03-02-2025,0,Coupons,339150.0,73510.0,0.0,64010.0,50850.0,5540.0,34930.0,78780.0,2321031.0
162,10-02-2025,0,Coupons,273850.0,66490.0,0.0,59150.0,20110.0,5180.0,46220.0,55920.0,2283433.0
163,17-02-2025,0,Normal,305350.0,96950.0,0.0,61280.0,34670.0,6530.0,29220.0,78140.0,2265005.0
164,24-02-2025,0,Coupons,268100.0,74680.0,0.0,60220.0,51450.0,5130.0,43970.0,75660.0,2297148.0
165,03-03-2025,0,Coupons,286500.0,64950.0,62560.0,51750.0,0.0,9470.0,0.0,55010.0,2673234.0
166,10-03-2025,1,BOGO,286250.0,0.0,113000.0,73170.0,0.0,7970.0,0.0,49590.0,2643034.0
167,17-03-2025,0,Normal,313000.0,59090.0,91480.0,37650.0,0.0,9950.0,0.0,55480.0,2565427.0
168,24-03-2025,1,Coupons,244800.0,62490.0,109880.0,65310.0,0.0,7200.0,0.0,72400.0,2616604.0
169,31-03-2025,0,Normal,252900.0,58460.0,108570.0,29280.0,0.0,6460.0,0.0,60040.0,2563774.0
170,07-04-2025,0,Normal,343000.0,0.0,77250.0,66050.0,64250.0,7110.0,0.0,56800.0,2309863.0
171,14-04-2025,0,Coupons,242350.0,0.0,74900.0,53250.0,22190.0,6980.0,0.0,66050.0,2180514.0
172,21-04-2025,0,Normal,321100.0,0.0,120120.0,53610.0,54870.0,6220.0,0.0,54990.0,2058161.0
173,28-04-2025,0,BOGO,371350.0,0.0,65420.0,44710.0,50040.0,5420.0,0.0,57630.0,1906430.0
174,05-05-2025,0,Flash Sale,244950.0,46380.0,98600.0,67170.0,52800.0,5900.0,0.0,57610.0,2603953.0
175,12-05-2025,0,Normal,292950.0,79920.0,110120.0,35310.0,22270.0,5860.0,0.0,38990.0,2639995.0
176,19-05-2025,0,Normal,299800.0,54180.0,92280.0,49580.0,39440.0,5530.0,0.0,41540.0,2621384.0
177,26-05-2025,0,BOGO,328000.0,65240.0,83470.0,65060.0,35730.0,9100.0,0.0,62850.0,2655601.0
178,02-06-2025,0,Coupons,304650.0,72730.0,0.0,65200.0,0.0,0.0,36400.0,70530.0,2783100.0
179,09-06-2025,0,Normal,339800.0,71990.0,0.0,40060.0,0.0,0.0,44820.0,75640.0,2567493.0
180,16-06-2025,0,BOGO,328050.0,51310.0,0.0,53820.0,0.0,0.0,49650.0,52590.0,2372824.0
181,23-06-2025,0,Coupons,315300.0,57010.0,0.0,61290.0,0.0,0.0,38970.0,49540.0,2192540.0
182,30-06-2025,0,Coupons,336850.0,86240.0,0.0,68350.0,0.0,0.0,36000.0,69320.0,2163927.0
183,07-07-2025,0,Normal,264500.0,49840.0,92550.0,0.0,45070.0,5630.0,0.0,40260.0,2539843.0
184,14-07-2025,0,Normal,288950.0,80860.0,95280.0,0.0,52000.0,5830.0,0.0,75010.0,2574071.0
185,21-07-2025,0,Coupons,322050.0,84510.0,80060.0,0.0,47160.0,8860.0,0.0,55870.0,2481141.0
186,28-07-2025,0,BOGO,327450.0,50510.0,109620.0,0.0,21820.0,5830.0,0.0,50900.0,2342117.0
187,04-08-2025,0,Coupons,299800.0,99470.0,0.0,0.0,49440.0,0.0,33750.0,60530.0,2479184.0
188,11-08-2025,0,Normal,313350.0,88360.0,0.0,0.0,54650.0,0.0,30980.0,38290.0,2205311.0
189,18-08-2025,0,Coupons,328300.0,74540.0,0.0,0.0,56910.0,0.0,33340.0,67980.0,2034506.0
190,25-08-2025,0,Normal,248300.0,94850.0,0.0,0.0,30420.0,0.0,17090.0,35370.0,1851341.0
191,01-09-2025,0,BOGO,323650.0,0.0,0.0,32760.0,0.0,7320.0,23980.0,55130.0,1803401.0
192,08-09-2025,0,Normal,301700.0,0.0,0.0,42850.0,0.0,7730.0,24440.0,61190.0,1597048.0
193,15-09-2025,0,Coupons,290150.0,0.0,0.0,39500.0,0.0,6390.0,44460.0,75000.0,1513716.0
194,22-09-2025,0,BOGO,273250.0,0.0,0.0,66970.0,0.0,8110.0,49940.0,41410.0,1444750.0
195,29-09-2025,1,Flash Sale,307250.0,0.0,0.0,61370.0,0.0,7960.0,36530.0,50540.0,1282763.0
196,06-10-2025,0,Coupons,350600.0,97170.0,0.0,49110.0,0.0,7640.0,0.0,34090.0,1772506.0
197,13-10-2025,0,Normal,270000.0,54330.0,0.0,66890.0,0.0,9020.0,0.0,56280.0,1686361.0
198,20-10-2025,1,Flash Sale,317050.0,0.0,0.0,58050.0,0.0,8540.0,0.0,73050.0,1625483.0
199,27-10-2025,0,Normal,293700.0,81050.0,0.0,63930.0,0.0,6320.0,0.0,38050.0,1602643.0
200,03-11-2025,0,Coupons,280950.0,91730.0,77830.0,58350.0,35670.0,0.0,0.0,35070.0,2414361.0
201,10-11-2025,0,Normal,270900.0,62010.0,104850.0,47590.0,30610.0,0.0,0.0,73690.0,2535608.0
202,17-11-2025,0,Normal,316050.0,89100.0,72030.0,42660.0,30340.0,0.0,0.0,42940.0,2502857.0
203,24-11-2025,0,Normal,294550.0,74040.0,126320.0,37360.0,53570.0,0.0,0.0,72720.0,2624574.0
204,01-12-2025,0,BOGO,252250.0,52100.0,0.0,32600.0,66780.0,7200.0,48000.0,54190.0,2824619.0
205,08-12-2025,0,Coupons,344050.0,85530.0,0.0,70010.0,50940.0,6970.0,43910.0,72450.0,2747119.0
206,15-12-2025,0,Coupons,291550.0,101390.0,0.0,62690.0,26080.0,6700.0,30940.0,77400.0,2676494.0
207,22-12-2025,0,Normal,265650.0,69870.0,0.0,46370.0,53250.0,9370.0,35660.0,52510.0,2489367.0
208,29-12-2025,0,Normal,354750.0,65320.0,0.0,58950.0,38760.0,5350.0,35010.0,56360.0,2299871.0
